1161.998
1162.921
1176.557
1179.433
1183.806
1189.467
1194.672
1199.9
1200.557
1226.728
1227.808
1235.844
1238.779
1239.638
1239.91
1251.788
1257.321
1260.423
1282.386
1284.172
1287.871
1321.625
1335.296
1347.352
1359.054
1359.104
1375.757
1381.01
1383.121
1390.989
1406.435
1412.096
1418.602
1427.012
1431.519
1435.444
1462.428
1487.484
1491.675
1493.028
1504.256
1505.354
1520.454
1525.568
1531.036
1575.79
1588.688
1610.729566
1625.432
1631.841
1641.316
1647.71
1672.918
1714.83
1715.579
1745.441
1811.614
1823.834
1830.883
1835.795
1886.097
1913.097
1960.388
1982.663
2047.294
2061.621
2139.029
2148.098
2178.316
2190.558
2232.88
2257.319
2294.606
2297.914594
2313.542
2383.601
2437.324
2472.161
2498.762
2515.226
2577.161
2698.683
2777.754
2873.344
2890.83
2898.793
2915.576
2918.719
2930.163
2934.243
2936.452
3020.814
3062.09
3087.36
3117.772
3127.434
3172.268
3194.625
3210.962
3214.35
3323.282
3325.762
3392.382
3731.456
3932.982
3964.951
4066.93
4123.12
4245.295
4370.024
4411.761
4477.952
5316.542
5710.848
5932.032
6503.833
6735.869
7033.187
7138.842
8869.888
11500.544
11591.819
11783.866
13040.64
13342.72
16547.8754
16849.92
18574.336
20097.024
20385.803
20467.712
21495.808
21979.136
24179.712
36659.2
44801.06779
82504.704