82504.704
44801.06779
36659.2
24179.712
21979.136
21495.808
20467.712
20385.803
20097.024
18574.336
16849.92
16547.8754
13342.72
13040.64
11783.866
11591.819
11500.544
8869.888
7138.842
7033.187
6735.869
6503.833
5932.032
5710.848
5316.542
4477.952
4411.761
4370.024
4245.295
4123.12
4066.93
3964.951
3932.982
3731.456
3392.382
3325.762
3323.282
3214.35
3210.962
3194.625
3172.268
3127.434
3117.772
3087.36
3062.09
3020.814
2936.452
2934.243
2930.163
2918.719
2915.576
2898.793
2890.83
2873.344
2777.754
2698.683
2577.161
2515.226
2498.762
2472.161
2437.324
2383.601
2313.542
2297.914594
2294.606
2257.319
2232.88
2190.558
2178.316
2148.098
2139.029
2061.621
2047.294
1982.663
1960.388
1913.097
1886.097
1835.795
1830.883
1823.834
1811.614
1745.441
1715.579
1714.83
1672.918
1647.71
1641.316
1631.841
1625.432
1618.411
1610.729566
1588.688
1575.79
1531.036
1525.568
1520.454
1505.354
1504.256
1493.028
1491.675
1487.484
1462.428
1435.444
1431.519
1427.012
1418.602
1412.096
1406.435
1390.989
1383.121
1381.01
1375.757
1359.104
1359.054
1347.352
1335.296
1321.625
1287.871
1284.172
1282.386
1260.423
1257.321
1251.788
1239.91
1239.638
1238.779
1235.844
1227.808
1226.728
1215.64
1200.557
1199.9
1194.672
1189.467
1183.806
1179.433
1176.557
1162.921
1161.998
1159.698
1158.99
1158.43
1157.876
1157.577
1143.121
1140.49
1136.014
1135.128
1134.512
1125.402
1122.324
1120.047
1118.248
1116.65
1113.181
1111.481
1109.21
1100.871
1092.033
1088.646
1088.344
1083.647
1083.604
1083.045
1079.639
1075.672
1071.173
1066.909
1065.209
1064.716
1062.391
1060.926
1059.37
1059.014
1057.715
1056.238
1052.957
1049.243
1043.241
1043.14
1042.667
1039.597
1037.051
1032.543
1021.81
1009.584
993.997
988.094
973.248
973.206
959.344
952.843
944.671
938.697
934.735
934.586
908.271
879.998
879.176
875.357
875.349
871.339
870.889
865.541
865.274
860.842
855.773
852.771
844.913
844.852
840.463
837.238
836.325
831.478
827.251
822.131
819.383
813.191
812.816
809.72
798.52
795.113
792.925
789.625
779.314
779.211
776.695
770.69
769.669
769.264
766.191
766.17
765.539
764.258
762.495
760.442
760.222
759.939
752.807
752.525
750.818
745.43
745.369
743.434
742.318
742.177
736.493
734.263
732.151
723.503
720.644
709.828
700.983
700.912
697.828
691.057
682.522
677.094
675.781
674.443
671.634
671.622
668.522
667.976
667.517
665.668
663.813
661.585
659.336
657.984
656.715
653.663
652.048
647.944
644.218
638.067
637.715
634.892
634.337
630.034
627.242
626.184
623.969
622.746
620.88
617.789
615.409
615.245
602.125
601.401
600.987
600.712
598.055
593.368
593.007
591.015
589.985
588.806
588.546
587.459
584.619
583.015
579.621
574.076
573.704
570.885
570.087
568.004
566.554
566.281
562.909
562.76
562.194
560.932
559.857
559.626
558.32
555.439
555.369
554.901
554.765
554.077
553.397
553.181
552.451
552.193
551.487
551.351
548.243
547.542
546.01
545.209
544.492
539.533
539.427
538.538
537.799
537.6
536.298
526.452
520.192
519.629
516.148
508.421
508.138
505.48
504.335
504.196
501.641
501.192
499.047
497.812
493.244
487.935
484.804
479.54
479.409
477.988
475.319
470.616
470.115
466.887
462.963
461.87
460.199
460.018
457.576
456.792
456.695
456.153
455.996
454.799
450.59
449.195
442.949
442.529
442.199
441.873
438.84
438.687
437.758
436.599
433.973
433.945
433.747
432.55
432.538
432.187
432.147
429.046
428.469
428.392
427.603
425.162
422.6
421.181
421.049
419.329
418.208
412.972
407.968
407.576
405.175
403.817
402.93
401.984
400.717
399.981
398.85
396.376
391.043
387.402
384.04
383.659
382.268
381.977
381.4125164
380.176
379.762
378.012
377.048
376.699
375.288
372.364
371.645
369.26
365.567
364.544
362.771
360.625
355.541
352.522
351.407
350.387
349.064
347.799
345.938
345.116
332.1
331.709
325.604
322.084
321.502
321.117
320.709
319.586
318.937
317.185
317.092
313.106
312.535
312.142
310.858
309.8
309.44
307.724
307.635
305.106
304.399
304.382
304.368
303.673
303.533
301.439
300.738
298.398
294.692
294.485
293.726
290.997
290.781
289.863
289.085
287.9493379
285.838
285.722
282.48
280.691
277.652
277.004
276.898
276.576
276.439
275.563
274.509
274.205
274.19
274.156
273.899
272.987
272.1625938
270.494
270.236
269.558
269.247
269.144
268.061
267.921
267.557
267.354
266.603
266.447
266.102
263
262.006
261.781
260.342
256.956
256.097
255.348
254.617
251.421
249.249
248.326
248.08
247.741
247.033
246.21
245.285
242.168
240.493
239.951
239.762
238.945
238.109
236.655
236.217
236.061
235.738
235.565
232.577
230.4
229.241
228.835
228.287
228.223
226.955
224.352
223.083
219.357
219.345
217.095
216.882
215.791
214.87
213.431
212.854
212.239
211.686
211.557
211.402
211.393
209.196
208.438
208.118
206.276
205.972
204.752
204.702
204.597
203.713
202.391
201.965
201.546
201.216
200.524
200
199.293
198.195
197.999
196.192
196.106
194.249
194.172
192.764
192.209
192.048
191.984
191.347
191.242
190.811
190.545
188.961
188.705
187.98
185.599
185.229
184.851
184.179
183.54
183.157
183
182.445
181.915
180.884
180.34
178.558
178.13
176.581
175.822
174.725
173.008
171.413
171.099
170.475
170.333
169.911
169.48
168.569
168.463
167.61
166.279
166.146
163.917
163.68
162.9535938
162.808
162.133
162.002
161.032
160.892
160.597
160.505
160.177
159.579
158.976
158.823
158.815
158.813
158.52
158.47
158.461
158.452
158.433
157.645
157.474
157.447
157.31
157.215
156.459
156.24
156.006
155.128
155.09
154.064
154.057
153.941
152.707
152.663
152.586
152.0795938
152.05
152.029
151.869
151.338
150.598
148.779
147.83
146.383
146.381
146.227
146.176
146.028
144.931
142.893
141.134
139.141
138.444
138.216
136.448
133.865
132.732
130.895
130.188
129.478
127.511
127.335
126.173
125.863
123.393
122.587
120.83
120.483
119.617
119.461
117.523
116.793
116.203
114.849
114.81
111.996
111.274
110.836
110.711
110.67
109.241
108.135
107.664
107.441
107.107
107.086
106.65
106.425
106.205
106.193
106.058
105.893
105.867
105.619
105.618
105.547
104.868
104.571
103.231
101.466
101.441
101.217
100.681
100.0415938
99.86459375
99.838
99.728
99.633
99.322
99.021
98.652
97.831
97.491
96.779
96.568
96.249
96.229
96.015
95.803
95.478
95.475
93.814
93.296
92.862
91.894
91.637
91.552
91.343
91.3
90.963
88.893
87.904
87.742
86.287
85.088
85.055
84.783
84.614
83.556
83.464
80.911
79.671
79.563
79.308
79.267
78.945
78.863
78.65
78.541
78.514
78.489
78.416
78.317
78.252
78.018
78.008
77.84
77.815
77.331
77.103
76.897
76.808
76.743
76.667
76.561
76.387
76.345
76.157
76.147
76.113
76.06
76.01
75.834
75.033
74.846
74.638
73.967
72.924
71.112
69.163
68.556
65.842
65.313
65.219
64.66
64.537
63.094
62.904
62.624
62.507
62.352
62.343
62.061
61.99
61.428
60.935
60.58
60.152
59.531
58.755
58.713
58.712
58.549
58.461
58.229
58.147
57.742
57.325
57.245
56.948
56.81
56.369
55.94
55.783
55.66
55.561
55.419
55.396
55.341
55.048
54.876
54.623
53.709
53.561
53.45
53.335
53.002
52.93
52.898
52.854
52.829
52.819
52.812
52.767
52.72
52.72
52.65
52.631
52.544
52.452
51.687
51.271
51.196
51.141
50.59
50.563
50.551
50.513
50.289
50.28259375
50.229
49.909
48.963
48.298
46.977
46.855
46.849
46.765
45.848
45.545
45.41
44.965
44.425
44.362
44.004
43.845
43.178
43.07
42.762
42.454
42.113
41.986
41.765
41.404
41.28
41.054
40.997
40.955
40.487
39.696
39.652
39.592
38.169
37.89
37.842
37.837
37.75
37.582
37.494
37.457
37.371
37.093
36.604
36.129
35.962
35.887
35.79759375
35.574
35.357
35.31
35.26
34.812
34.422
34.41
34.378
34.253
34.22759375
34.10359375
33.953
33.698
33.664
33.554
33.395
33.337
33.301
33.25
33.054
32.936
32.904
32.646
32.417
32.269
32.164
31.97
31.455
31.238
31.108
31.061
30.808
30.759
30.344
30.078
30.052
29.863
29.846
29.77
29.71
29.695
29.42
29.37659375
29.238
29.194
29.101
29.058
28.915
28.533
28.511
28.495
28.476
28.435
28.345
28.217
27.978
27.907
27.822
27.799
27.175
27.068
26.992
26.936
26.861
26.813
26.799
26.59759375
26.526
26.308
26.2
25.766
25.706
25.588
25.389
25.206
25.001
24.805
24.688
24.222
24.154
24.064
23.98
23.978
23.956
23.948
23.80359375
23.718
23.707
23.692
23.231
23.197
23.195
23.113
23.014
22.923
22.4
22.04
21.903
21.886
21.748
21.712
21.656
21.541
21.5
21.459
21.412
21.263
21.238
21.01
20.828
20.802
20.75
20.63
20.628
20.62
20.273
20.203
20.133
20.117
19.972
19.903
19.89
19.692
19.688
19.679
19.578
19.516
19.37
19.353
19.253
19.183
19.068
19.015
18.869
18.612
18.518
18.504
18.442
18.439
18.301
18.122
18.084
18.075
18.018
17.939
17.895
17.732
17.571
17.468
17.444
17.288
17.238
17.166
17.036
17.019
16.978
16.861
16.783
16.765
16.763
16.709
16.651
16.637
16.482
16.461
16.439
16.41359375
16.401
16.28
16.188
16.061
16.018
15.907
15.737
15.657
15.436
15.151
14.95
14.85859375
14.836
14.754
14.567
14.552
14.318
14.241
13.931
13.683
13.652
13.562
13.486
13.404
13.402
13.38
13.23359375
13.179
13.048
12.855
12.843
12.838
12.822
12.727
12.697
12.673
12.597
12.554
12.532
12.521
12.439
12.423
12.368
12.33
12.141
12.136
12.106
12.088
12.071
12.053
12.029
11.997
11.943
11.93
11.903
11.86
11.849
11.844
11.819
11.789
11.772
11.72
11.712
11.706
11.684
11.683
11.664
11.441
11.438
11.418
11.353
11.284
11.097
11.078
11.028
10.991
10.901
10.846
10.835
10.615
10.569
10.555
10.514
10.432
10.323
10.284
10.257
10.154
10.126
10.074
10.034
9.971
9.92
9.916
9.911
9.88
9.811
9.79
9.69
9.682
9.658
9.611
9.572
9.486
9.459
9.447
9.44
9.427
9.414
9.389
9.37
9.356
9.333
9.322
9.261
9.189
9.146
9.137
9.112
9.072
9.044
9.016
8.889
8.87
8.858
8.857
8.855
8.854
8.851
8.828
8.8
8.797
8.768
8.739
8.66159375
8.643
8.64
8.631
8.605
8.594
8.583
8.572
8.556
8.548
8.53
8.512
8.501
8.468
8.454
8.453
8.435
8.432
8.415
8.371
8.33
8.304
8.296
8.291
8.251
8.239
8.207
8.18
8.171
8.163
8.127
8.126
8.116
8.054
8.051
8.049
8.048
8.024
7.998
7.917
7.902
7.888
7.876
7.861
7.858
7.841
7.768
7.755
7.746
7.73959375
7.618
7.563
7.56
7.524
7.521
7.425
7.315
7.263
7.162
7.092
7.034
7.019
7.009
6.957
6.935
6.679
6.674
6.666
6.579
6.533
6.512235054
6.492
6.465
6.408
6.356
6.269
6.24
6.194
6.186
6.171
6.137
6.13
6.119
6.009
5.994
5.993
5.971
5.93
5.9
5.869
5.863
5.771
5.769
5.769
5.674
5.646
5.633
5.632
5.619
5.58
5.579
5.549
5.513
5.508
5.492
5.473
5.43159375
5.423
5.408
5.399
5.396
5.393
5.39
5.385
5.38
5.378
5.377
5.373
5.372
5.37
5.369
5.362
5.361
5.36
5.36
5.356
5.349
5.347
5.345
5.333
5.326
5.322
5.32
5.274
5.27359375
5.265
5.232
5.194
5.172
5.152
5.127
5.114506996
5.111
5.109
5.103
5.062
5.043
5.035
5.03
5.027
5.025
5.022
5.021
5.02
5.019
5.016
5.016
5.014
5.014
5.012
5.01
5.005
5.003
5.001
5
4.998
4.997
4.996
4.996
4.995
4.994
4.994
4.993
4.993
4.993
4.993
4.992
4.992
4.992
4.991
4.991
4.99
4.99
4.989
4.989
4.989
4.989
4.989
4.988
4.987
4.987
4.987
4.987
4.987
4.986
4.986
4.986
4.986
4.986
4.985
4.985
4.984
4.984
4.984
4.984
4.984
4.983
4.982
4.982
4.982
4.982
4.981
4.98
4.98
4.98
4.979
4.979
4.979
4.979
4.979
4.978
4.978
4.978
4.978
4.978
4.977
4.977
4.977
4.977
4.977
4.977
4.976
4.976
4.975
4.975
4.975
4.975
4.975
4.975
4.975
4.975
4.974
4.974
4.974
4.974
4.974
4.974
4.974
4.973
4.973
4.973
4.973
4.973
4.972
4.972
4.972
4.972
4.971
4.971
4.971
4.971
4.971
4.971
4.971
4.971
4.97
4.97
4.97
4.97
4.969
4.969
4.969
4.969
4.969
4.969
4.968
4.968
4.967
4.967
4.967
4.967
4.967
4.967
4.967
4.966
4.966
4.966
4.966
4.966
4.966
4.966
4.965
4.965
4.964
4.964
4.964
4.964
4.964
4.964
4.964
4.964
4.964
4.963
4.963
4.963
4.962
4.962
4.962
4.962
4.962
4.962
4.962
4.961
4.961
4.961
4.961
4.96
4.96
4.96
4.96
4.96
4.96
4.959
4.959
4.958
4.958
4.958
4.957
4.957
4.957
4.957
4.956
4.956
4.956
4.955
4.955
4.955
4.955
4.955
4.955
4.954
4.954
4.954
4.953
4.952
4.952
4.952
4.952
4.952
4.951
4.951
4.95
4.95
4.949
4.949
4.949
4.949
4.948
4.948
4.947
4.947
4.947
4.947
4.947
4.947
4.946
4.946
4.946
4.946
4.945
4.944
4.944
4.944
4.944
4.944
4.943
4.943
4.942
4.942
4.942
4.941
4.94
4.94
4.94
4.939
4.939
4.939
4.936
4.936
4.936
4.936
4.935
4.935
4.933
4.932
4.929
4.927
4.927
4.926
4.925
4.925
4.925
4.924
4.923
4.922
4.922
4.922
4.922
4.92
4.918
4.918
4.917
4.917
4.913
4.911
4.91
4.909
4.899
4.897
4.897
4.887
4.887
4.883
4.878
4.869
4.869
4.866
4.863
4.862
4.856
4.856
4.847
4.84
4.839
4.833
4.833
4.824
4.812
4.792
4.768
4.76
4.744
4.731
4.709
4.7
4.691
4.683
4.68
4.664
4.663
4.643
4.641
4.621
4.615
4.591
4.59
4.562
4.554
4.539
4.518
4.5
4.466
4.457
4.448
4.428
4.413
4.335
4.25
4.237
4.227
4.217
4.216
4.144
4.142
4.124
4.107
4.052
4.003
3.968
3.968
3.927
3.879
3.858
3.843
3.773
3.753
3.722
3.693
3.691
3.684
3.671
3.667
3.662
3.642
3.638
3.606
3.595
3.584
3.571
3.523
3.52
3.513
3.504
3.497
3.446
3.432
3.426
3.424
3.409
3.405
3.382
3.373
3.367
3.34159375
3.331
3.322
3.285
3.273
3.266
3.239
3.231
3.23
3.225
3.217
3.209
3.198
3.196
3.195
3.193
3.176
3.159
3.159
3.148
3.137
3.104
3.099
3.096
3.08859375
3.061
3.06
3.054
3.054
3.048
3.022
3.019
3.009
3.005
2.993
2.991
2.99
2.983
2.976
2.966
2.961
2.957
2.951
2.951
2.945
2.944
2.941
2.923
2.922
2.918
2.916303696
2.866
2.855
2.83059375
2.825
2.802
2.801
2.787
2.763
2.74
2.721
2.705
2.671
2.616
2.584
2.569
2.545
2.538
2.48
2.468
2.46
2.45659375
2.442
2.417
2.413
2.404
2.397
2.364
2.363
2.334
2.298
2.276
2.262
2.233
2.204
2.2
2.196
2.172
2.16859375
2.146
2.139
2.124
2.073
2.068
2.06559375
2.048
1.983
1.936
1.876
1.869
1.849
1.831392555
1.816
1.787
1.787
1.782
1.733
1.72
1.718
1.716
1.716
1.715
1.715
1.711
1.71
1.709
1.708
1.707
1.707
1.707
1.707
1.706
1.706
1.706
1.706
1.706
1.706
1.705
1.704
1.703
1.703
1.702
1.702
1.702
1.702
1.701
1.701
1.701
1.7
1.7
1.7
1.696
1.695
1.694
1.693
1.692
1.69
1.687
1.672
1.621
1.38143914
1.377
1.326
1.208
1.174
1.09
1.047
1.021215981
0.995
0.984
0.975
0.928
0.926
0.891
0.807
0.779
0.751
0.749
0.748372124
0.745
0.734269127
0.69959375
0.681
0.651
0.635
0.62
0.61943721
0.594
0.565
0.554
0.548
0.536
0.53
0.523
0.481
0.473
0.468
0.461
0.45959375
0.457850319
0.445
0.435
0.424
0.403
0.403
0.396
0.388
0.382
0.349
0.302
0.293
0.287
0.271
0.267
0.263801369
0.257
0.255
0.255
0.252
0.243
0.232
0.231
0.23
0.227
0.227
0.227
0.226
0.226
0.226
0.223
0.22059375
0.214944733
0.199
0.199
0.195
0.19
0.186
0.186
0.182
0.18
0.177810036
0.172
0.168
0.167
0.166
0.159
0.15259375
0.151
0.143400185
0.143
0.14
0.138
0.12159375
0.118
0.104
0.102
0.099
0.096993057
0.093071022
0.093
0.093
0.091720619
0.085
0.08
0.08
0.08
0.076
0.075
0.072
0.069134285
0.068
0.066
0.065
0.06
0.058774025
0.058
0.056083015
0.055492348
0.054
0.053
0.05103302
0.04768586
0.047
0.046
0.044
0.043
0.043
0.042
0.041794403
0.04025769
0.039
0.038689613
0.038162231
0.037846565
0.036681236
0.036060333
0.036
0.03370285
0.033046722
0.032
0.031768799
0.03
0.029236794
0.029
0.028792381
0.02824688
0.027
0.026400566
0.02628994
0.026
0.025760651
0.025428772
0.025267601
0.025042534
0.024834633
0.024439812
0.023658752
0.023177147
0.023068428
0.023
0.022453308
0.022268295
0.022
0.021
0.021
0.020249367
0.019
0.019
0.018995285
0.017207146
0.017166138
0.017
0.017
0.016162872
0.016075134
0.015
0.014910698
0.014
0.013598442
0.013
0.012565613
0.01177597
0.011268616
0.011151314
0.010829926
0.010605812
0.010525703
0.010525703
0.010525703
0.010191917
0.010119438
0.009867668
0.009127617
0.009
0.009
0.009
0.009
0.008685112
0.008460045
0.008405685
0.008
0.007494926
0.007390976
0.007254601
0.007240295
0.007174492
0.007174492
0.007
0.006766319
0.006613731
0.006132126
0.006094933
0.006072044
0.006
0.005927086
0.005924225
0.00581646
0.005775452
0.005755424
0.005724907
0.005553246
0.005545616
0.005526543
0.005515099
0.005496025
0.005473137
0.005469322
0.005442619
0.005423546
0.005412102
0.005412102
0.005404472
0.005362511
0.005358696
0.005358696
0.005358696
0.005358696
0.005311012
0.005309105
0.005309105
0.005309105
0.005309105
0.00530529
0.00530529
0.00530529
0.00530529
0.00530529
0.00530529
0.005259514
0.005255699
0.005255699
0.005255699
0.005251884
0.005251884
0.005251884
0.005251884
0.005251884
0.005251884
0.005251884
0.005251884
0.005251884
0.005202293
0.005202293
0.005202293
0.005202293
0.005202293
0.005202293
0.005202293
0.005198479
0.005198479
0.005198479
0.005198479
0.005198479
0.005198479
0.0051651
0.005156517
0.005148888
0.005148888
0.005148888
0.005148888
0.005145073
0.005145073
0.005145073
0.005099297
0.005095482
0.005095482
0.005091667
0.005091667
0.005068779
0.005038261
0.005
0.005
0.005
0.00498867
0.00498867
0.004935265
0.004935265
0.004881859
0.004881859
0.004058838
0.004
0.003621101
0.003452301
0.003
0.003
0.003
0.003
0.003
0.003
0.003
0.002914429
0.002878189
0.002542496
0.002242088
0.002
0.002
0.00198555
0.001865387
0.001350403
0.001
0.001
0.000156403